5617
7263
3483
9154
61
5943
8721
5154
9591
9752
1695
6616
3169
5287
7014
7885
2553
741
5744
3298
3380
5838
2382
309
1720
9286
9661
197
6537
7794
4778
3360
660
3425
138
4148
8416
9074
2829
6515
9203
5706
8481
78
5603
2869
8895
7296
10
7024
2621
4530
3379
2237
9342
8721
4781
7175
9787
8855
7678
3363
7030
6714
1669
6055
4979
666
6469
7683
6648
8269
8515
1448
5330
23
3061
4939
3282
970
4138
6924
5621
6251
6964
7550
5761
4618
3196
7775
9944
7516
5826
9763
3974
1779
4093
4495
1429
8355
6334
5762
3556
3998
1536
7918
979
4920
1528
5425
8379
7393
6193
1251
8395
1289
1158
7658
8028
4424
2575
2082
661
8878
3475
3394
4944
8382
8436
9243
3809
7981
4510
3168
2779
4996
1976
1351
3291
4543
7083
5467
2029
8817
4636
7260
3381
3464
9850
9545
7708
5977
1304
1801
550
3499
5037
7610
5532
5139
4305
8527
4236
3597
747
7644
1340
2038
9564
4601
1707
2199
4188
3954
4533
1404
239
7348
5588
5854
7059
8411
4809
7673
4432
9897
6707
9140
195
9232
4191
8754
2046
7905
9549
8898
8982
3539
9884
3672
1970
734
2189
8188
258
6781
4552
6748
2261
6789
8069
3062
6358
5374
9136
3001
8114
7945
964
8314
552
5455
3725
856
6192
2084
1944
1566
4173
3000
4585
2951
8857
2522
4445
3408
2797
3632
1669
5725
6123
8416
6244
7721
4968
2245
9828
3404
624
9819
4073
3107
5464
3535
3759
2244
3075
7024
4113
8670
4218
4522
6390
4666
1872
5720
7349
3685
888
39
5626
1018
7070
2212
7389
8635
8330
9792
1618
5497
8836
3453
9602
9723
7448
6787
5098
1903
5548
2451
8614
3959
535
7241
3977
7351
5094
6570
480
7626
759
3396
4125
9973
1195
8812
6137
5429
8822
434
7762
6516
291
3176
7414
7664
3087
1484
1859
1431
1220
9894
3344
3610
1689
4856
2532
9594
3830
356
4380
1242
3256
4954
8256
3318
7649
8280
4782
7066
6431
4741
6499
3506
7368
6925
8220
5359
54
1668
3007
4572
1956
7747
9432
3336
2373
6575
6956
9156
6478
2010
9928
4609
5932
4139
7786
1367
4320
9821
3549
526
112
6112
7204
6350
5542
2627
9372
5676
4519
3237
3462
5310
9819
2777
3068
3805
5994
8837
1883
1630
8095
3172
1510
1007
8421
7789
4001
3574
9400
2843
8588
4643
3261
3036
7686
690
4620
3050
7464
3119
166
4690
2110
4235
3350
5308
9917
7111
1242
8844
726
5379
3427
2807
5315
8108
75
8033
2942
9916
3641
3002
1797
6876
1068
9083
6402
5920
9730
6362
7021
568
8472
9608
233
255
8385
166
5091
5417
2088
7539
8156
415
5198
9440
7496
9017
5539
2633
8985
4261
963
9413
1927
3398
8153
9336
6574
9479
5813
3655
7112
6812
8728
4557
5743
3330
1683
828
4308
1375
3441
9067
5735
5039
9211
6676
5943
3175
9013
4943
7866
6734
6220
2443
1154
7651
1842
1427
2985
186
8186
6061
144
8531
4847
1155
1401
2074
8786
1536
4369
7020
701
6411
3889
5877
390
2651
3247
2911
6168
114
2800
5925
5604
7613
9849
6584
5040
2401
2674
6167
6651
5419
4616
5826
5510
2749
2141
4651
4138
4776
7919
8788
5291
7298
8935
3733
1857
5116
5949
3737
9355
498
970
8705
6540
1647
934
5680
6189
1189
1163
487
4439
7338
9759
8276
5274
4207
9987
9918
6620
9102
8278
5136
1552
1255
6091
7466
1434
7449
4538
3796
8719
9618
3540
543
9375
841
7527
6834
3626
1600
7418
5151
5697
7001
7158
105
3304
5554
2534
853
2283
1069
1576
9467
6629
85
23
9966
9101
8385
645
2186
1619
516
1495
3049
1546
4178
5927
3038
1380
6837
6508
2741
8146
6069
4951
2092
1791
6596
311
2343
2774
1609
9991
1731
579
4922
1300
8726
5388
2128
8784
2057
183
1987
961
6664
575
5871
5339
4340
7355
2458
8865
6566
9413
2382
2037
8194
5820
4146
3493
1687
3196
545
2868
357
2958
9145
9913
6872
1343
1934
2654
9300
784
7339
564
3046
736
805
261
3113
8361
2214
1702
5759
9097
4039
1287
5123
1989
3524
4295
5494
53
4544
3876
3873
7621
57
2505
7998
5624
8824
9141
2432
6788
9275
2967
1822
66
9672
1526
1367
2828
7301
9378
8863
9593
1310
8220
1491
9826
5278
1757
6142
4001
6171
4165
8293
6484
6572
87
4933
7118
3959
1882
294
6067
9465
4007
8721
30
1769
8607
4793
9473
1476
9200
6496
2313
7502
6176
8975
6288
3013
8149
1756
2115
5566
970
4957
1845
164
8658
8653
5670
3963
2585
4755
6797
7517
8701
2450
3213
8178
434
843
3203
9874
997
9814
3418
4813
1176
8718
5557
5724
6107
4560
4216
8459
5051
2851
2706
5021
2660
6191
393
9551
9536
1347
7982
3734
6020
8398
2898
5231
8488
9977
6275
7431
5523
7762
220
7595
4105
5635
9061
3069
2612
6938
3821
2352
3783
5928
220
5284
1705
3869
1276
4751
4193
9002
8425
3863
2651
8066
7737
7555
8274
4173
5124
3576
5055
7046
9789
8874
3809
6949
1997
7306
6291
2483
8964
1972
5608
6004
4416
2869
5419
2779
6493
7486
5839
1091
1532
8261
854
4289
2716
1406
4054
8370
6613
7298
6390
2430
2719
1561
6284
2216
929
7494
313
2597
4760
3422
7883
2006
7130
2133
1276
5717
3862
5027
177
1517
4988
2483
7403
9900
3665
96
61
2560
5845
9192
9344
8587
8435
9975
8649
7323
333
1298
9284
9872
9866
5080
3337
4835
9007
4203
956
1525
4775
9374
5894
2683
6093
6030
1254
648
4599
2845
6786
3300
3027
4246
4133
7245
2246
6775
9915
6734
2292
800
9741
7095
6104
8540
7088
420
0
5466
8259
4955
6864
6980
8366
1938
2214
6335
6570
9664
5192
934
5640
7032
7413
3313
3620
3723
8810
6439
7749
1815
4163
4845
8209
6131
7589
7003
2098
6307
3705
7739
2675
3780
3726
1112
2156
8178
6127
2678
4696
6772
8705
3132
2801
951
1956
1859
6421
6405
6033
3313
8314
8185
3441
9869
9132
4414
1110
2398
8906
8732
8223
3403
2903
7034
4151
8571
9838
2585
795
150
8905
5764
6343
2269
5363
1345
3257
6660
1853
8984
7945
7952
5102
8103
8656
7424
8251
8771
2342
9698
5967
1701
2383
1920
4403
3331
1887
5016
755
6754
5469
98
2580
8354
7596
1120
477
3590
5130
9634
5756
1936
2714
5803
1012
5867
3377
836
9572
7783
4952
2776
4674
2372
929
4964
5202
4097
8861
750
7122
4348
4384
2459
3970
3643
5155
8833
3243
9594
949
1134
7809
6574
8460
7079
4391
8100
3824
7100
6127
1865
6850
419
4238
2587
4704
3797
4826
9659
1953
8988
4781
7540
3931
9825
4684
7734
5585
5937
1747
9682
6877
7296
2150
3531
3721
6636
9204
6349
5085
9900
6697
306
4332
8937
7450
5545
4771
1257
6326
1063
336
4823
8038
8138
5021
9570
9933
4552
3001
5758
8410
4182
5979
9580
5822
9686
7013
5185
7696
6493
7371
6644
5972
3147
8034
9593
8773
3560
6294
1346
5539
1465
8823
9462
6469
93
9987
1112
6865
1305
9250
4627
6118
9627
2616
6480
6822
3353
8444
1097
3977
652
1532
6752
8826
2746
643
2951
9382
1328
5920
9494
6085
769
5529
6136
1836
1167
6789
5513
4888
9473
8987
1443
90
8442
7281
3639
7195
1733
3187
8648
9582
7717
9825
2899
7030
4661
8715
2145
9687
3428
2652
6392
1896
1890
3846
2700
2347
3137
9431
1052
6548
9086
5490
4303
5710
3695
3407
632
4899
3236
7564
5988
2727
1901
6990
9648
5393
8135
3088
1330
2695
8623
6509
205
54
787
2137
6079
1964
546
5163
2407
4173
525
6162
874
6864
5953
6552
4405
9369
8758
5328
2009
4684
6541
2324
3579
1531
9779
2379
783
2963
6977
4378
4837
7776
8370
8989
6644
6635
8211
3248
8834
176
1545
1474
6493
4359
8930
50
6567
4532
4220
3648
5188
3948
6302
5408
9835
2293
5942
1280
4595
3003
3232
7213
5855
3948
5721
7896
8616
1608
5061
1766
5955
7616
8913
371
6599
6214
3161
982
3844
7751
4129
5164
3013
3771
578
5849
6925
9676
8201
9155
3365
4390
5339
6144
7073
1174
4796
1344
9087
6097
1635
5543
4535
9418
1617
8136
2526
9418
907
232
4452
8706
436
3743
1811
6992
3897
2339
7795
5520
2607
2638
9521
6903
8509
7336
4641
3761
671
8598
8195
7878
2501
251
3493
5279
4927
8510
6113
9527
3864
4413
9844
3417
780
2699
2580
198
28
5556
4722
2214
1779
9133
263
4733
8822
8843
2221
1843
4015
264
7128
8410
131
3849
2932
4054
1025
405
8885
725
9527
2848
995
9804
3897
7233
6456
5552
7401
8359
1740
1089
4614
2239
8045
2517
725
1722
7628
9350
2432
2976
4273
7363
4203
4221
2134
1105
2476
4126
6118
3099
7855
4523
1431
8380
32
6669
7093
6377
4852
6460
2923
7782
1864
5385
9864
4827
2996
1428
4675
5137
6444
7900
5015
6085
2735
6986
9091
4145
3992
2715
2646
9441
1167
6591
9206
7058
559
4356
9945
1886
5865
1085
8765
6065
5385
9648
6008
9952
6435
716
994
6042
4015
236
2629
2468
6830
5815
6171
2621
2009
2542
303
5488
627
3843
5875
3604
8304
8693
3925
1889
3685
5917
6220
8193
8675
1566
9391
7139
967
5526
6994
1641
9840
8750
7679
3260
9129
6760
4661
9989
8348
2126
6632
8987
9294
8746
8732
873
7740
9793
8925
783
153
5251
6988
9813
2257
5927
2632
4983
6619
2281
1591
4494
6597
8699
2388
1857
7702
5979
7665
1086
8310
7788
7213
2210
6062
2584
3241
5860
1328
1716
1199
3297
716
6757
5382
9714
3309
3228
4256
7322
5282
6456
3974
5022
110
3418
3813
9308
9074
6630
9666
4139
4175
5073
3732
3068
3862
1181
8238
2539
7583
8418
141
551
8915
6280
6094
983
2666
336
2493
5132
7679
5237
7561
8112
9175
5153
3749
9610
7973
903
763
3722
6452
5527
8326
9423
4434
7821
4265
5406
1891
7179
463
7025
4998
5820
9358
8875
9042
2494
74
8282
685
1468
8910
2070
4186
7688
1832
3671
4384
5874
8936
7374
7363
246
3533
8230
5591
8398
5420
4206
2049
8121
3092
7208
4101
1193
7596
2954
9224
4631
6114
5079
1305
5830
8308
2166
5877
6287
2991
975
2891
2565
4618
8812
5312
8825
365
5888
3670
2372
3874
9922
3332
6684
2763
35
1633
7773
1102
861
8967
9299
929
5509
3027
1160
4373
9294
3457
5576
1183
9757
5686
7873
8593
8344
3160
1114
3766
9877
3052
1422
4353
5875
5637
5018
1975
2377
3928
5736
2429
3957
7869
9487
5981
4897
3016
3128
9701
2107
6475
2035
3879
1864
5526
5495
2915
8771
1691
4758
2723
7092
303
466
4395
9308
8437
1497
3950
6947
332
267
2326
756
5879
9903
9373
2139
2881
9751
9640
8157
948
1740
340
7418
3883
1024
9981
5253
5850
1106
7132
5005
1895
2303
6775
7260
828
3461
9468
5815
4703
961
2172
3047
9037
846
9993
8008
1743
4964
1944
3669
3974
5840
7567
9859
514
1933
5727
1685
5917
4331
1689
2875
9799
6556
3372
3385
4795
938
2950
9163
9826
8674
6703
6125
7284
5340
7676
50
6335
119
1903
5272
8106
118
3848
6676
9251
3827
5608
2570
1477
3045
7627
2887
3628
7844
6845
4626
5351
2056
3191
1768
3122
2115
7853
5430
5788
8959
5056
6913
2168
7372
1880
8117
5280
7611
5956
2551
6967
186
2185
6906
7310
1437
9217
9526
5687
6145
6016
9269
1263
7114
4931
5100
6790
7295
7519
344
1471
4657
3711
1125
9312
3323
8425
2521
7376
4448
8596
8364
3006
3885
8520
3140
5529
576
9123
6562
7471
2092
3095
519
2856
6663
1358
7857
9752
5199
6733
1285
7044
5058
1560
5579
1143
1099
4703
2003
7910
8293
3413
2738
96
3676
2284
8739
9757
4798
3100
6064
7602
880
7390
8282
2377
2784
9854
4143
1005
3846
6491
870
6084
2838
1483
1146
5920
5558
3341
2604
7390
5120
3428
8241
1794
3875
1708
2565
8679
8422
7736
1608
2785
326
2619
8041
8651
8427
2748
4259
338
1787
9783
9074
266
7786
8205
6039
4645
7781
7398
7472
4453
6534
4686
302
2836
2550
9206
2742
3890
5672
7957
5914
5561
9507
1718
7161
4063
2358
5383
4322
2937
4163
2852
8273
5272
1409
7005
685
6841
9116
9605
2654
9304
5810
3547
1467
8156
3313
3493
7324
4192
3193
8228
9715
3223
1171
6383
6161
7169
8865
5111
5659
5578
3535
1925
7895
2697
8493
7729
7950
293
8281
9788
1197
695
5823
1833
7041
3830
9156
8421
3558
1277
3682
1108
6550
6472
2516
2112
8569
8367
3642
1434
6431
2246
8585
132
2349
8318
5839
6120
6325
8804
9426
3746
9008
4720
1854
4736
3307
2240
1807
2190
3147
1965
5083
1734
9343
5250
1392
2982
5883
5267
820
2494
3891
6699
7666
5685
6320
8823
4718
8427
7028
4800
67
8166
4501
8651
6088
501
5666
5610
2827
6469
7014
4483
6493
6889
2997
6752
2392
3597
6583
311
5571
1714
4366
565
7737
52
7648
4303
1523
1979
7840
1087
4005
4703
2407
8774
1976
4413
7549
2399
3209
1768
6929
5111
2751
1531
6335
5797
366
5202
8672
417
2540
8850
4083
2757
5748
9826
2739
4705
7055
6685
5281
2590
6319
4563
1227
4784
2073
1717
2806
3548
9601
5588
9667
3281
989
6369
3234
166
1720
5108
9033
686
2530
1575
1884
6375
9358
259
5752
2462
7155
2311
7675
9309
9091
9448
1118
3112
5373
7311
1687
934
9077
9648
6727
7709
6149
3571
5305
5860
7378
1312
9188
2679
5927
950
4391
8056
1471
8007
8324
6921
5320
6767
9196
7352
5108
6909
5892
3343
2505
5199
7386
6431
1913
666
4922
3236
9049
2624
6583
5951
7011
8509
6013
5620
8176
8879
77
8727
9719
3114
8806
7016
7966
4735
4046
3861
707
6675
2438
9397
8271
4351
9260
3424
3050
3607
5260
334
8513
3525
912
2029
1398
3686
4783
4163
8051
8657
580
3482
4410
1986
314
5082
960
4873
6454
2730
1408
1730
737
7764
5164
5596
6817
4982
3765
6142
72
955
9342
8726
3353
1093
4614
897
6829
7085
847
5123
3984
3569
6810
3396
8086
5100
471
3882
1721
1156
8492
7425
8081
3140
9281
6334
9379
8497
9068
5097
2589
4961
1982
7828
6463
8092
2593
5447
9358
4563
6744
4295
2794
8443
1192
3840
776
2199
7125
8402
9681
1158
8389
3212
3094
6584
6687
5588
7469
135
105
843
5291
2235
8857
3559
9136
8158
6089
5357
8938
9225
8561
7218
4697
9871
9714
2209
3179
1681
6669
2758
2127
5858
4499
471
9333
2699
2212
4354
1742
4754
6246
2400
4905
3474
2781
7047
9287
230
4392
8614
6352
856
4509
2475
2592
2889
7030
1617
2743
8428
4675
2355
3112
9627
647
4770
9742
4044
6579
8776
6056
4317
2111
6261
9790
5720
5378
3147
3120
7439
2741
4457
4603
1317
50
5165
9297
7751
1675
8474
2833
4523
9783
4191
5987
1414
4010
2654
1121
6192
5092
8804
8530
2015
3130
5238
4987
5366
6381
8420
2236
9070
9575
1550
8319
5893
161
1657
2513
2651
8565
347
8624
3517
9752
6431
3238
688
7716
6152
1388
7608
8016
2574
5581
3769
7898
826
5714
4104
3037
217
4603
1972
7400
239
2314
6674
977
2450
6968
9085
7650
9373
5740
4223
6079
2242
9077
8589
6403
2140
2946
2457
5813
5729
4448
8818
5648
136
3709
3931
4208
7943
5237
9653
5336
8274
7643
2177
1970
8190
3694
47
5806
6419
247
1486
713
1117
7574
7739
5768
2328
5206
3680
9090
1677
6671
2492
6375
7330
4763
138
8846
7983
9786
2043
3155
8929
2771
4375
6380
7547
2084
4634
9673
7635
5389
2080
8170
9984
3947
4716
8508
5692
3669
8697
7636
5546
3985
1561
627
4988
7251
9609
8554
4006
5869
4951
6646
7021
936
5912
2337
8008
8064
1435
1986
5559
2227
1009
5947
7914
8896
6854
433
746
6837
6276
6986
6766
5449
182
7574
5647
3919
5203
8668
862
8603
3586
3765
4361
8689
654
1004
616
539
2960
1555
7461
7095
7986
7291
2344
8732
3044
46
5803
815
850
25
599
5373
7402
319
8308
5483
8915
8442
6049
672
5535
5920
517
108
4218
1472
1908
4476
3546
3161
4237
7190
1602
9796
7207
4996
6391
1542
4162
9962
6344
7921
4311
5857
8272
5706
8124
9700
2246
9816
3655
5399
5674
6098
4637
7296
7746
2725
980
5446
7844
5145
1140
6134
1437
4606
4990
769
3174
3528
8032
7356
9868
1826
6170
5155
6454
8960
8852
1779
9898
3619
1309
3323
3022
6088
9600
922
6159
4155
1981
3912
6920
132
9615
9983
2888
144
4526
7303
8110
5615
3075
4168
8773
3383
5692
6879
9402
3221
5019
2238
3958
7279
3514
4745
6452
7868
5249
7962
5829
7592
1195
3707
5656
5091
6343
7337
6724
2300
5437
4676
5840
4983
9514
2923
2961
1562
1224
1541
1515
538
941
8052
3203
2816
8291
5013
972
35
3529
1993
4757
7252
7912
1391
6087
284
711
6478
9457
5814
4851
417
3255
5016
4763
3331
8555
85
9150
5257
8214
6178
8511
784
6114
6052
9828
2408
8929
1059
1496
922
9223
3858
1525
196
3954
4980
2514
992
8220
3992
161
3905
6606
4445
9660
6289
8892
8430
605
8815
5839
8782
7622
5949
3064
5539
5697
1449
8241
6285
103
1831
1289
3086
2567
8226
9294
6094
1612
9826
9722
8439
3937
3937
5095
4473
3241
8491
551
116
8832
5261
1216
21
4485
7676
9420
6115
7631
631
1777
3870
3372
3566
1687
1987
3234
7358
6661
7249
2996
2685
5386
7745
8048
9554
6114
3219
7697
6462
5480
819
3658
250
8409
5916
3759
703
5445
4876
4147
7287
7652
7368
4734
4684
994
8365
464
6182
5537
4161
7068
4950
1621
4893
599
3669
7928
3863
4404
7513
6166
7080
8265
6524
3593
2952
2397
6097
3851
3273
7559
9969
774
275
583
7411
7280
6530
239
7137
3217
6392
3495
8337
9170
5281
9671
3862
2302
6379
4840
701
9528
901
2649
9271
1969
2215
989
947
330
5045
4662
6326
9749
7601
8785
6372
2252
3413
8130
295
2443
4216
38
2602
6715
795
3847
395
3224
4795
7165
7080
255
2566
1905
5384
1149
2258
1476
2080
655
1609
1190
1907
3873
7100
6334
4727
6579
4567
9507
9150
4152
3987
2723
1384
5305
4677
9600
6931
8829
5059
3357
5516
7713
8426
7988
6330
4991
3165
820
2038
8988
6256
4837
1274
3471
3764
4065
2564
4891
6506
2709
1863
7289
9512
9412
7174
5599
1454
3903
3270
3678
2186
4691
3336
6582
2574
9433
7767
7801
8536
9351
4540
4346
6942
7795
2141
6880
225
4899
1876
1670
214
242
8658
1376
4821
4713
4367
2044
4799
2864
8977
7122
9744
9454
9399
1406
6264
8828
2643
3579
1191
4446
6222
3369
2875
6354
3111
9054
246
8869
7286
7989
286
9202
4094
3255
9067
8555
9859
8975
1744
4316
3103
1446
3811
5733
4375
369
9090
843
1550
1608
756
9626
6633
9043
8348
5281
6725
3525
3291
5818
3296
7989
4248
8276
7672
9471
8201
3624
9843
7651
3701
2743
2232
9288
4592
5084
8196
3770
7666
4183
4302
5184
1675
6288
9954
5841
9176
794
3438
1490
1784
9459
4221
313
6951
3409
8940
6379
348
2659
590
7412
9499
9170
8883
9897
7139
1891
1710
3295
7578
5597
857
8576
9199
155
3712
141
5793
9315
1598
6538
9788
6182
5498
6615
9689
5947
1775
8393
9923
9776
7045
1238
9496
8586
2724
5688
4492
7361
9625
3651
2547
1565
4245
9516
684
758
9938
3928
4718
5118
5356
7739
3096
7638
6691
9457
6712
7936
7621
3199
8113
5547
7038
8206
2709
8139
5698
812
8748
5247
760
8600
2680
4712
541
958
5706
778
6533
283
2220
3640
3491
3372
8223
481
5960
1440
2587
6265
1878
4156
8053
1825
5093
8045
6926
9333
6299
7525
6621
6492
2165
4157
8003
311
8946
8352
3761
1528
6875
7587
6913
4340
991
3679
8489
4817
1583
6722
9218
4406
3715
1576
6439
2594
241
81
4664
4691
8939
5639
2554
2253
1417
6204
2905
911
253
7541
1595
8774
8217
9941
4952
8473
5939
2989
7680
2849
7561
1864
4341
4073
3264
556
540
2163
1067
2483
3555
4077
9850
8786
1364
3625
9126
568
7942
514
336
4103
1937
5753
5733
2739
5782
3220
6004
2070
2079
9409
1777
4868
7924
2405
1566
1005
6432
8213
6522
5778
7597
1895
836
4786
7588
2003
910
2422
7017
3551
6426
255
8739
2382
7783
3573
1277
9665
8525
2174
5881
5302
9572
6683
3557
8741
8120
9317
2855
8106
6931
9043
5179
7419
644
9619
5316
1472
3104
407
3919
8829
5664
9525
9824
1924
2379
764
6301
7628
5136
6373
8310
9475
8171
2299
4049
5349
6126
3592
4118
2846
9768
4979
172
8844
1448
6093
4378
6872
4447
4301
1319
1107
6805
1100
9237
5236
8387
2454
3505
9803
8324
3047
4318
8313
6410
7943
8676
2840
4203
1577
9343
5308
6941
3154
2630
9386
302
919
7341
6644
8728
8931
1172
4186
8083
8158
2030
4035
5139
728
998
6327
4436
4798
6028
756
665
4051
4928
5327
3505
3681
3449
120
4616
3740
9594
7782
9535
7723
6538
5906
4575
750
7766
8759
8250
5803
8883
1572
6714
9786
4113
8957
9755
8428
6870
1821
4782
9950
3145
7429
4714
5395
1711
155
8143
2102
7850
5927
4198
890
6116
241
7430
3040
6031
7071
5040
3617
8286
8541
5901
7444
5197
8556
6846
464
7014
1049
9145
8462
960
2880
6640
7982
7552
1593
4820
4778
6058
5062
6845
7817
1722
9206
9387
4343
7463
8340
3277
7249
6718
9929
3908
1888
8538
6017
2772
8538
6712
8002
4544
7608
7026
4096
8096
5666
5144
370
8846
383
2612
970
2972
6922
5109
8539
4900
6047
2745
8915
4075
7821
2090
8428
6900
788
4108
4361
9033
9422
9410
9544
8406
7432
6235
9958
9000
5568
9974
9902
7152
6383
3302
172
5143
9323
9093
473
2986
1414
173
637
2305
2243
1780
7325
2599
2725
2332
2354
271
2413
2677
9298
3413
702
6455
3865
6025
2407
1743
8041
69
8728
9271
8744
3168
2251
4808
9069
9100
7426
5923
2515
8085
1658
8827
9416
9805
9685
5485
4287
5299
1685
1943
9379
7162
6324
1230
8073
6073
4736
8201
4292
2252
2875
1153
7238
6884
1942
5079
408
9657
7737
4471
9221
7660
4020
5570
8000
7018
8042
6045
1925
4639
2136
2223
6767
1053
5362
1055
6254
3142
753
1513
3598
4552
4730
2786
5892
3241
9208
6705
6709
2986
867
949
9773
883
5124
4973
7353
5350
5810
9595
7523
4161
7056
2626
2149
6841
3939
3193
5090
7302
8688
6066
2223
7047
8363
8625
1210
9464
2277
77
492
6441
5244
4711
573
1580
2990
2191
4105
1916
4477
5888
7509
8085
7109
5073
7527
932
22
2538
4088
1202
2393
9515
7021
2907
8454
2644
4972
6403
6335
5762
44
3445
3933
1
7093
2758
8819
6851
3668
9630
4996
5425
5856
6463
5445
7022
5082
9284
8478
2660
9266
2333
5083
695
7156
3922
8606
2237
8459
9710
6667
1685
6680
2519
9030
3574
9387
6282
6208
8673
6951
790
16
3346
4496
2161
2461
1985
3525
7061
8675
1088
5766
5873
9070
5242
1082
1842
6027
9013
4242
9685
2363
9798
5604
2816
9808
2103
82
8127
9234
3958
943
3808
2274
9080
1573
2054
2680
6942
4082
7589
399
4937
2647
5798
8286
5667
2583
1918
8661
6191
6074
1603
1586
697
2102
7168
9199
7133
7773
3541
3919
5141
1454
3809
5961
9641
2019
5129
5148
6751
1508
2369
9426
4410
5548
2252
9385
950
3699
3650
5629
7139
420
5299
6362
7074
1597
2811
5268
1055
7101
7041
1299
5084
2473
5942
6346
6947
144
1932
1528
8289
3126
8445
6662
5126
8670
3210
2519
9921
3415
8220
8345
4754
1771
6498
7166
8034
3342
9504
5612
23
79
1164
3171
8868
8627
3140
7885
3910
5289
5951
5428
4426
2912
1940
7423
2177
4886
1559
2880
4553
8390
8753
8991
5900
1440
6780
7193
773
4351
821
119
9844
7370
9379
4570
5407
90
9984
5619
6012
6399
5086
2744
5739
5953
3936
9298
3006
3958
25
5184
3511
1593
5189
6
5874
6310
256
7349
1764
3026
5451
2389
3121
9328
7570
5296
3237
9372
2753
3145
5089
9029
7890
6788
8121
2449
8757
8746
589
5405
8835
4109
9188
8334
8029
3359
4015
9675
5380
6032
7247
3092
3063
469
7774
4742
1373
7270
103
2946
1383
8544
5312
8561
1997
7197
3691
7399
2918
4116
504
8854
7828
4201
276
4809
7404
1956
7432
2575
2401
7937
227
7732
9055
700
3163
213
1290
3400
7887
1013
5339
4143
4582
4022
9915
3487
725
119
3238
3333
4170
8762
7022
3765
2609
8777
3452
4116
8503
3204
9343
4395
1243
1153
4015
7243
1779
7837
6611
3849
2240
7281
987
1053
6408
3298
2564
1667
664
7612
4237
9440
4608
9774
8285
3722
4772
6854
4318
5530
115
2488
8024
1590
9572
5054
3117
9688
9361
9053
6529
5553
2133
550
5604
2686
3136
9036
7097
8460
3813
5939
2324
7071
5530
6900
2961
4822
6304
7746
941
5938
300
3941
4955
1089
6433
4282
1431
4064
2254
6900
9537
8741
4887
2778
6753
8418
1727
3976
2335
5564
2912
250
3638
4909
1604
9966
4488
9277
7306
7968
74
6119
4907
4536
934
8185
3887
603
8900
6684
1253
5433
8170
4028
584
7648
6846
7477
8211
3351
7865
3988
6344
9960
4297
6231
7702
7388
7358
9744
5828
2908
3692
9546
3212
7567
6993
7366
1077
3004
1020
1257
4075
2531
7051
2266
8728
4114
2092
1809
709
7510
5619
5665
8620
1644
5589
6440
9615
3524
6912
5391
4173
3259
3046
4651
544
6053
2599
6061
458
958
189
3198
2969
2070
7384
6325
5571
9884
9766
7177
6423
32
9722
5371
8222
2432
7543
3550
3055
6703
7696
3620
2124
778
2133
3154
4467
7212
4567
3754
3783
350
7941
9633
4090
6888
5861
8023
8798
833
1413
5572
7782
1111
7523
5975
2230
712
7660
499
9628
6310
624
1844
2103
8672
525
9877
5711
8966
5967
7030
3569
3722
9905
1913
4028
6321
2964
2208
1964
5832
5461
9125
1647
6530
2640
1829
5712
260
9950
6186
5343
757
6511
5533
935
7700
8257
625
5548
9273
401
936
5197
9285
7541
9536
7375
6873
8383
7179
1135
8804
5480
3676
4842
2817
4964
7590
744
9304
9336
5538
5436
5720
8576
7789
1849
1947
810
9386
4599
6560
543
7368
8065
5812
3161
4924
6260
5969
8424
5079
8861
5057
8888
3548
9601
7136
9008
9988
8513
3109
5075
5517
6124
80
8859
8276
7450
3341
8908
1822
7290
8813
2562
5297
3982
1572
6743
6340
6191
9419
7001
5058
879
597
9017
7220
5230
9684
4553
9647
3587
2607
5055
1016
3515
2666
3498
976
8315
4475
2685
5445
5625
5417
7417
1300
492
9612
5470
3383
9663
3876
992
4420
5119
5138
5566
2857
1931
6958
8762
2729
899
1567
3959
7846
6915
9884
7514
8844
5717
4559
9410
1880
4664
7053
6452
8667
7975
9510
4434
983
1752
9496
3028
4821
8946
3128
6429
5382
9335
8762
3229
8023
6526
8788
9539
8858
7093
2329
8284
138
7835
5148
4906
8862
4552
4356
6855
8087
2292
1973
4486
5492
1287
6202
1459
8700
1257
1431
6689
4287
1796
182
267
202
4188
4567
8929
2036
8223
4404
2254
5889
83
2562
1300
617
9590
5251
6689
7970
6757
1605
8484
9712
6768
5177
3420
7978
6631
1786
6289
1301
1261
8961
7701
2481
4470
6813
352
8136
1969
9243
887
3641
5486
2709
2722
8072
2065
4359
6939
3011
7334
3998
2452
1373
523
3782
6542
8424
9443
4859
2053
9127
1909
3509
8429
5745
8958
8867
6906
6347
8307
4556
1916
8759
3820
1544
1920
7070
9746
7904
2177
5765
5036
9886
8655
5650
6632
72
438
750
4434
8787
2374
9439
1473
8952
5604
7004
5387
870
9751
9465
4123
3027
1512
117
9044
6699
1954
1667
3041
312
4074
5784
783
9132
4389
1350
4624
9743
8832
4638
3636
3447
3479
7847
4115
9939
4242
7913
8631
229
3514
1830
5956
495
8832
6709
1997
5433
5473
4676
1433
1537
8881
8802
2949
8516
7837
4781
9197
1600
8394
3498
7591
4516
5371
8664
1952
258
7343
726
3465
2689
6426
7336
8231
5413
1590
545
6091
6308
8700
396
1774
9748
3319
7609
1994
9121
8614
139
7495
6868
391
1576
1366
2867
8438
8969
1354
4698
4983
1027
5
2211
4158
6531
4090
2422
4371
8092
4446
7305
5755
5960
9146
591
748
9049
7968
1179
7471
6033
894
1947
8365
3625
6658
5434
6086
669
2773
8989
699
856
4743
3695
5824
5940
8704
7741
5053
2582
2005
1945
2049
9144
3523
733
6507
2490
1666
9321
3231
6202
8825
5038
3704
6332
3216
3821
4889
6865
555
4390
7403
6802
448
822
4825
6990
4803
4227
9802
4776
8688
7055
306
9436
2679
7544
6223
7129
8687
9017
2063
4684
5701
2274
7486
8956
8616
7058
3595
5871
4827
5724
2359
244
7411
3244
7803
4031
522
1959
786
8634
957
7128
2806
4066
2670
8250
4385
8826
8181
1958
9962
8953
7097
6950
7152
4116
6908
9147
140
369
7970
6149
4276
7386
2517
3560
4045
9946
8730
7887
3761
9413
6298
5702
3128
1599
4548
5630
3832
1600
8467
6243
4383
9694
3254
2216
1978
591
5748
8757
56
5971
366
1486
221
6201
5790
7591
8498
829
7531
5211
1287
9682
945
8935
1651
1196
3459
3718
7227
4788
974
9401
2501
6036
7816
3706
3556
8580
9936
4415
5721
4483
9419
8943
2064
8079
8139
9082
9119
7227
7800
4000
655
2196
8399
6287
1533
8839
2735
1273
7703
9254
2422
3543
8654
1962
2479
9991
6557
4958
9517
2971
7715
9026
8721
1467
5307
9091
51
938
6092
5135
2967
5033
5596
6616
4998
9043
804
7984
717
8134
5053
9008
1949
8123
4140
5777
1565
5772
2329
5302
3668
119
579
8979
1644
9801
9304
2167
3496
9713
9396
6131
594
3268
6251
8439
8292
2361
9478
9325
2311
6896
5744
8742
7356
1677
5251
5177
2527
9947
2757
8179
1757
2466
228
7809
8556
7753
4926
3079
5700
3685
5507
3827
1003
9631
3065
8648
2360
2958
813
553
501
460
5265
2378
2050
7949
8151
5032
2874
6380
6913
5314
5710
7602
7522
4913
2736
9954
2865
1454
7639
9442
4377
3097
6672
8245
1691
1392
2602
3963
6297
757
8669
279
7966
5471
3868
7535
1205
2433
6175
1017
250
7986
4296
6461
5353
8155
7898
9910
5707
7848
7226
3635
5973
5376
5370
829
9138
3767
1074
9483
5467
4885
4202
7487
1365
3007
9011
9716
1912
7093
1680
713
3202
7708
3089
4983
7528
579
2436
5214
1883
5484
9475
4243
2833
4834
3434
3521
4867
4355
5282
9754
4945
4102
7909
4718
3684
3102
1582
5870
4277
1154
2424
7761
3618
9435
2547
3827
2002
5450
9516
1522
3485
3975
3998
8791
5443
7704
4128
191
4556
7995
4110
286
9306
4604
5778
3890
5221
1201
7836
5897
305
5739
8456
6983
7855
6941
5358
4902
5093
7834
1964
7620
9389
9516
3274
1107
6555
4131
9940
7144
4583
894
9036
7132
7492
7595
3559
5336
900
2546
8889
5061
6110
6808
1201
5359
7316
827
5155
8709
843
8527
8909
1806
5323
9784
2180
5257
8189
2932
2807
3518
6707
1684
5132
6028
434
8169
1509
4778
4948
2237
1598
10000
5706
2329
8175
1791
8019
9410
6172
9820
2192
9126
5783
7040
7380
9395
2948
1960
7963
727
958
6156
8175
4771
9801
5665
7417
402
9743
9664
1721
386
2508
8885
6672
1383
1502
7488
2323
8385
6189
4941
5402
9923
8600
8286
591
8043
2021
1892
1144
7216
9769
5568
2218
40
4590
7481
7903
3964
74
6283
3070
4046
48
6189
2467
4837
4313
6487
2336
7686
9534
2423
9669
7644
5584
539
7980
679
7365
1311
537
5512
6486
2114
811
3306
7187
4092
8531
6536
4155
4366
3803
271
9581
9643
6581
1939
6161
4650
9683
2755
2242
8830
1813
8444
6012
4558
905
8456
7414
6606
4724
6333
1661
3823
4861
3308
7340
9075
9640
3573
1530
2793
7541
8537
9597
3346
7958
247
4057
6758
6967
9743
5516
328
1787
9487
4757
6992
744
6738
3926
1975
6874
569
3982
8983
4866
9171
3019
3910
1702
2198
6674
5923
567
7478
4504
6502
198
3955
1815
6755
1848
6678
1893
5524
5340
6472
6624
6707
3728
7404
3289
3029
2986
8560
7054
5486
1662
8488
7002
5799
9692
724
3873
223
5417
9376
2008
2580
6308
646
1315
4307
9303
6690
7675
4734
8474
133
4965
4743
1902
429
7411
8582
6372
8665
3505
8932
393
9014
304
1069
4757
6357
9474
2312
4462
2184
1106
5938
6171
390
7459
2983
936
4786
280
824
4618
9566
1386
4705
6415
5681
8021
3254
4653
6719
3096
8281
4039
894
9602
9543
4390
2450
4092
4864
2198
4381
5284
7121
5136
7036
1013
6132
939
7961
2980
2590
2957
9408
9129
935
1640
8219
7340
7211
4141
236
8823
1894
982
4569
8662
9739
4367
5416
6700
7421
200
5598
2514
5782
9962
8789
6926
6428
9271
3787
9678
7008
9313
9797
7523
9171
915
6110
971
5346
9584
2807
8920
4312
4972
9613
6634
7475
7878
230
1305
195
8155
1570
6044
7773
471
5110
9830
9849
8387
9050
7334
2655
2563
3118
1178
6254
1454
79
2571
5743
3454
5405
1941
7312
1926
830
3826
89
6422
123
6126
6527
6032
4803
6282
8553
9371
6719
9793
8480
4529
4602
210
7702
7485
830
3239
9186
6047
4473
4087
1330
8575
8216
6589
3602
1670
2241
9902
4506
2945
2921
395
7684
6492
3825
9631
1096
6648
6223
1344
5446
8937
3243
5662
4197
4073
3221
3009
6253
2907
4831
5152
1882
3689
6951
7466
6536
8066
9767
646
7599
9205
3965
5427
5185
3290
682
9797
353
5338
6570
845
9654
7807
6446
2120
5466
6474
2655
9572
2089
7272
1442
5804
911
506
710
4543
8375
4671
8635
4382
911
4484
9269
3889
8355
8082
3454
1743
7270
2549
4667
7648
3886
9274
5690
9648
2280
415
8783
7516
6323
3218
9831
8352
7963
8756
9846
8768
4369
4741
7265
3995
1693
9782
5786
6562
340
8833
22
5326
4722
9582
8019
4978
8776
7774
3261
4643
6693
5637
5209
7000
669
4631
596
1795
2122
4581
5351
2025
7556
2885
4519
9086
111
848
1071
1451
6826
3397
3598
2239
6838
4265
6748
5351
9829
4029
6660
2174
2580
2511
2984
3660
7860
1139
2067
3086
682
1826
1655
9801
9319
7462
8289
4114
7070
5014
5934
936
412
5196
8840
64
3421
2915
5796
4867
2316
2084
6916
6565
7041
9575
8821
7785
389
2520
4186
8395
502
3163
8962
2631
9049
6672
7293
8203
1709
6756
843
4053
8306
5754
7883
4940
8920
6743
5071
1402
661
1862
5653
4181
2274
5817
1565
8610
7207
7553
3355
6366
8764
4488
353
5428
2889
8711
8658
5656
4387
9726
6291
9472
66
2449
980
5306
4053
2236
418
6266
1102
8900
1382
6162
5745
7525
8954
5034
7953
3272
7760
2581
6590
45
3987
4801
8830
1998
4797
9368
777
546
1789
7287
548
9940
694
8394
2387
9608
9444
2491
2202
3487
4210
3671
2325
3052
2239
893
1460
2432
8622
2870
5543
3148
169
3593
7131
5523
2942
7905
6194
9670
7702
6434
4004
1136
4041
2421
8277
4041
9090
8986
2553
2666
6022
5216
4015
7852
7650
9130
2552
126
1071
6700
2696
2375
192
3220
3911
6922
329
7399
8848
8272
8470
1400
882
2580
2493
4043
2927
5555
6204
9663
274
4954
3678
5086
7872
6668
8142
4025
5629
568
2540
8454
4580
2680
1173
9516
9571
5353
8601
9176
7329
339
6722
4397
9541
4855
2625
276
8989
236
7345
9851
9058
9878
9025
1636
6437
1808
8478
1628
1502
9109
6233
1873
2589
176
6975
9520
1603
4344
5907
6199
2138
1145
3314
7562
9194
9760
6113
3766
16
2851
8675
5540
5171
3688
7472
9820
202
612
6700
3202
1122
7630
6264
4322
2283
7834
2543
5518
4890
9339
239
1554
7148
7444
4396
6891
8412
8026
9190
4296
7944
4880
2659
2031
2552
5485
416
8399
5471
5410
3870
7661
5868
5452
4794
5766
656
465
5241
9999
5322
9094
1270
1089
9498
7907
4116
8863
7364
8003
6374
1013
2370
2784
3765
2747
3939
9340
8443
736
1052
3894
4578
607
5758
2284
8879
3203
2668
8523
9050
5199
813
5924
7889
4567
8434
9531
5770
2296
3325
1648
7117
4024
5282
1625
9450
2351
710
511
4803
7423
4877
2216
2379
5787
4151
8592
2118
7241
5709
8105
8954
713
6341
8264
2832
9577
7736
3722
9578
7589
561
5973
9103
1928
3020
1565
28
7150
8629
6537
5819
4059
676
9659
5832
6289
1727
5750
1579
3637
5598
9370
3310
9263
613
9824
3028
6303
5042
3019
8795
533
9273
1591
9983
9904
7663
6381
5065
7917
8029
8765
1170
4410
9819
8208
1129
884
3397
9414
3087
8393
3942
6101
2901
9257
7712
904
2375
1907
746
1440
1563
8796
2717
2295
3285
1340
7674
2451
9603
9480
2867
5044
9176
4510
7025
8451
2792
556
469
7464
6160
4237
8191
2687
8725
3682
9827
971
3887
3840
526
4012
6791
6263
438
4766
6370
5556
1181
4896
9096
402
3169
3465
9490
5915
782
8168
5956
797
5858
9900
7919
5269
1239
167
2539
1443
2198
2515
7459
2453
3472
4345
6574
3168
5349
8734
4705
6127
3467
6897
1215
1406
9743
9766
1554
474
626
2406
6274
825
5973
2189
5423
2495
4021
8561
2093
3107
5384
3011
5155
6870
8029
5295
3074
1752
5506
5911
2647
9199
9316
1555
9160
4394
6224
5992
2246
4561
7680
5925
7552
9003
5307
5187
8680
477
3877
8143
2155
4244
4384
5391
281
6985
4226
2236
1915
850
998
2318
5627
3542
3821
4771
2262
7405
3021
2566
1903
8043
6497
6522
931
6981
1026
8291
5987
7389
1019
2994
5522
95
6449
9282
4568
9900
6601
2912
9275
65
6274
3933
7480
3610
9977
6310
7544
1141
23
9670
6414
1247
5298
8591
4384
5170
6134
8368
7598
1532
9135
9198
4236
5031
8124
2258
8024
5837
3325
8500
6143
1149
350
6229
9279
8508
5005
1876
2117
5226
8049
152
1795
9385
5714
8175
7253
9966
3055
3665
6901
6845
6397
209
2413
2396
6408
4355
3146
8189
7556
1159
7917
4433
2610
6475
9692
2289
4479
6839
7741
1069
122
371
2192
6093
3899
9832
876
7399
6931
9127
8918
8563
5713
9592
3730
1209
1904
6404
7503
1327
4678
2994
509
8821
5681
2971
2876
6595
5487
6922
6117
8973
1761
8516
3597
3293
4081
430
8668
7182
5051
2805
8745
9879
3754
8799
871
762
8767
9018
5571
9539
4942
5852
6904
5184
1581
3334
4285
577
4265
5724
5684
6988
8032
6776
9383
4124
4764
5219
6644
5415
4697
9416
7251
6437
1808
2664
5291
6821
8172
8853
1195
1338
8225
5558
2087
8982
2987
2286
7302
5816
5180
515
487
3590
9020
1834
5634
8865
1119
8159
2507
9602
9549
7530
9433
344
7894
8199
8869
5259
7092
7446
5121
9953
3847
4121
7894
3491
2364
4892
1873
3130
1963
4861
8256
8052
5028
6178
1679
2432
240
7348
8711
1732
9986
7106
8072
539
9206
8783
9029
9011
4839
2714
4485
6215
3428
8388
8772
7778
97
1562
8499
3572
4348
777
4104
6757
5806
1978
7598
3827
3945
4479
4915
6094
9786
959
9312
7606
1443
7285
8788
6816
8185
3501
9297
9663
6593
7066
8791
1467
3663
5976
5445
2194
6458
583
9893
6361
374
2446
1819
4266
7482
6863
2116
8540
8295
6253
8619
7274
5611
1755
6786
9794
4286
2930
2567
9214
8618
7094
8510
4990
8719
7056
7845
7380
2273
1841
8169
7742
122
3947
8702
8192
2017
9918
2977
3000
1276
3246
218
2097
558
7547
2916
3158
7614
1429
7222
6557
9926
8466
3344
127
7873
6334
8729
1460
5714
7420
7566
1829
9460
7747
8848
4829
8327
5125
6187
1588
3305
7616
3631
8441
2711
7206
1145
9053
272
7052
6329
1099
8872
2149
2206
6292
2632
1915
4768
8071
9265
341
1023
8340
3207
2712
9226
6458
8654
6705
3020
1892
8795
8073
9273
7360
4129
6053
1976
2386
8943
2311
2145
6074
7780
9641
8950
7311
7095
2657
3317
2361
8392
316
7634
978
3059
8510
3132
7227
2248
5590
782
1224
6364
1808
9050
5213
2688
6534
2343
2939
8241
7909
4134
5713
2229
6417
9355
9390
2423
4299
5370
7042
3359
3579
8856
8256
5611
4244
8096
7087
2249
5942
1381
7539
1262
3535
2827
5300
5091
3916
6285
6161
7595
6959
3954
3691
8021
1995
2064
4080
5203
7592
8026
6272
952
4845
1111
3359
5024
8495
6390
55
5592
8328
2717
8624
3324
1326
9808
5431
9117
3150
205
3765
6551
8313
6688
727
5998
3597
1128
9249
7638
3522
1477
1593
2156
7145
6043
1738
9809
1167
649
9569
7166
6087
7978
7068
3166
6876
7478
1102
5969
8129
6186
5242
2813
2192
687
9102
7709
6992
1805
6798
2045
7124
2121
2179
8402
3845
5038
3002
4499
6747
8304
2756
9736
1114
6690
2394
3478
7499
7200
6945
6871
884
6324
3362
3417
1925
9317
9402
4151
2119
3315
2990
6090
1244
6732
2011
1131
5536
8564
6368
7653
3232
4596
8844
7145
3913
1041
6091
6031
6224
860
3763
1493
7068
8965
9541
8893
3159
8660
8549
3778
7247
2643
223
3410
3987
9493
4169
4044
6143
6666
6670
9076
5477
5024
4411
8565
5550
494
8490
7144
9969
7412
3771
6741
2258
2063
9752
4699
7369
1988
1824
8910
3215
2059
6178
4194
7809
6047
54
92
6637
122
102
8722
8640
9764
1920
389
8588
9054
9817
8852
2360
8151
8046
4103
7497
2114
1969
1791
2785
3306
4507
714
5241
8743
7521
8436
2140
4405
723
4903
6079
3666
6602
1027
8576
8075
7411
3625
4515
2936
4490
4432
6909
8360
9073
6948
7147
189
1690
3817
1356
8367
6236
3006
7785
3073
4157
7105
1722
9544
5944
5172
980
9735
9307
5516
3
3321
523
8864
7450
5427
1560
7126
2596
9585
531
5712
7138
5245
4504
6047
4161
2216
8472
7946
3188
2909
7383
7552
4834
4115
2714
9145
6212
5774
4056
1376
8491
7055
5594
3324
7331
7591
7482
3257
3517
6600
4851
1873
745
5066
1792
7700
3114
5995
5941
9530
5155
4897
4798
5889
2840
9566
8170
844
5994
3730
77
1986
8143
8214
3716
102
8695
7184
5620
1513
4966
9146
5179
1478
608
7182
9039
1325
4337
617
1884
4692
4067
3317
3689
4456
6258
892
2203
330
145
2421
8264
5717
1447
5644
7220
8360
2479
4757
6223
4418
9350
2972
4846
4826
7194
8316
179
9470
9082
3118
4792
7339
369
4518
2183
6758
332
1274
5601
8208
6220
2826
3603
8088
4262
9150
7972
1475
5347
2354
9055
193
1858
9058
9375
5493
8545
8211
631
5625
7549
490
4420
139
5208
886
1822
1036
8091
1600
9804
3097
1431
8874
7847
2449
2348
9491
3206
719
2309
2371
4984
1718
5073
3350
409
6235
5983
1788
4988
5069
8825
8815
2846
6302
6739
3203
939
5006
8466
8708
7506
4849
9632
6959
9238
8383
5190
8410
2820
9476
6393
2695
6087
881
9043
8062
8425
2982
8898
9311
4779
6853
3228
2454
9212
4557
4856
968
3643
9826
7169
6291
9695
8580
3496
597
1473
9520
2216
517
2897
1282
5922
3736
177
9189
6750
9828
5094
9001
9309
4294
9630
3276
2558
7019
7186
701
2553
9053
4406
415
3330
7651
3939
5305
1877
9291
4855
3764
3343
4084
1486
7562
8846
758
5557
3777
1574
4709
6063
7122
8193
4511
9403
6540
6310
3288
292
7491
6204
280
2090
1820
3328
7334
8627
6264
9569
9145
7120
9678
6358
1685
276
8060
9645
1005
6913
6251
743
6525
6332
1826
4229
7868
6840
6875
6502
562
922
7541
9030
6361
5757
4264
6084
5023
3920
9804
8614
1184
2130
6164
3441
2123
548
6716
8908
6992
987
8663
95
2229
7493
176
5077
8573
9046
2740
4547
6794
4106
6282
7941
7569
2830
3626
3672
159
885
7589
8282
8714
9574
5105
3550
6402
2116
5247
42
1851
9185
9949
7998
353
4574
6779
4919
5749
4108
4532
2877
4937
6284
934
7984
3140
4970
7408
2635
2009
1161
7636
8178
1078
7261
6991
7704
4421
4805
2166
9403
948
2396
2278
5631
7108
1721
6983
7701
7132
4728
489
7015
1846
7410
9242
3019
6683
523
4911
7098
5589
4558
738
2035
1105
5975
1025
9522
1290
8166
3141
8101
8276
3833
3199
5037
9444
7859
1302
5513
7241
5066
9836
9905
2078
6113
8166
4552
8711
3703
832
2443
8460
2316
8564
5353
2212
3233
9963
6453
1367
364
2578
9319
6979
2511
2555
2693
1702
4227
4413
3304
7292
6238
2948
7829
7287
7718
5879
7221
2084
2827
5908
7021
5058
7494
7240
5001
8794
8092
82
5446
2991
5676
5095
6589
4830
3373
6584
1478
1087
7301
4360
3088
6545
911
5570
7288
2745
7350
6066
4135
1167
4715
326
4047
1396
7745
9851
7558
2302
224
3805
3474
68
6575
3862
9774
6037
4303
1737
2107
3091
4409
5789
3235
6935
5882
6956
9621
6355
3625
5669
7634
8409
9087
1267
7820
1375
456
243
1193
3300
8626
9970
4041
3850
7530
4114
5751
9481
3098
6739
5238
3274
4203
3242
4495
4794
9652
3727
6517
7649
2243
1474
9461
6184
7602
3043
1745
5581
263
438
3395
2871
3949
6559
7853
7188
1348
2630
8889
7253
1834
7653
9057
2954
5935
259
3273
3653
7578
3116
7202
9307
9386
9212
574
3690
5245
4096
8927
1562
5537
7360
8324
849
9065
3575
523
8974
5310
1803
910
8283
8041
5462
4034
8648
2138
8692
8473
3925
4685
7159
9886
3951
548
6750
8002
9581
3129
2427
622
6968
2717
7652
8107
3696
5869
4140
432
5884
4278
4094
5582
1815
49
9491
1674
5267
223
9670
1722
6126
5326
5054
7344
7059
8835
3164
5833
3741
6534
6432
8904
8210
4482
3469
2263
1614
1881
9488
9978
6245
2506
9805
6325
5853
3669
6037
585
8519
624
7238
7663
5446
565
1776
3934
972
4210
6548
5604
6222
3743
5809
8679
2952
7989
5509
1928
2886
474
3135
6694
2056
4582
499
5742
5705
467
7565
2349
564
1912
3892
3554
621
1329
9062
3823
4129
3585
102
3332
4641
376
2950
3717
7266
9120
4575
5776
2317
1868
2869
3487
4515
1016
9538
701
4723
9405
4596
5107
3161
3064
7178
4456
4477
2432
4964
6575
3116
928
5427
8419
4092
9945
9805
5669
4432
246
4177
5953
4560
7502
5613
4716
4187
3197
1031
533
8762
8755
5239
7151
1653
8619
5827
603
7827
2802
5523
4129
2211
8653
4357
9789
7664
9134
974
590
7576
2172
4221
3408
5205
8831
5238
2558
9278
2223
2068
3935
6355
3555
3935
4114
6374
1097
851
8731
4958
640
5537
861
5103
5801
8538
1038
2706
3348
5607
4300
3620
3707
6119
6744
959
8370
9243
3896
7342
9077
3594
5086
6194
9829
5021
1896
139
3781
3191
6623
9468
4725
8338
7282
1369
3545
2946
1300
4657
6374
367
5291
1656
7090
8775
9737
8777
9906
2314
3708
5150
2289
3517
8263
329
347
545
9467
2919
9407
3067
4301
5271
181
6281
2076
2014
6162
5749
9075
2277
4859
8788
1207
9964
9398
2049
8232
3509
3028
8881
5462
5293
2980
8771
9352
935
2878
8190
7416
4193
9
7407
7862
7517
3016
7534
4871
7120
358
9799
2830
1427
6240
4066
4160
9369
2769
6183
9681
9792
8290
467
4367
2211
4647
8891
8224
7740
8077
9723
3402
1438
3870
9227
1874
3012
5700
8222
8561
3825
8597
392
355
4913
5896
7604
5079
1390
2449
28
197
3347
5141
7575
4502
1059
5474
2985
5390
2158
8006
4088
4516
7763
7539
5244
962
373
9904
627
5070
4802
7225
6671
7135
1127
6002
3085
7923
2154
7920
224
260
504
2666
8693
157
1770
1193
8085
6769
1380
2482
494
2845
9754
3622
6850
6250
155
3495
2848
5280
5948
9774
8517
3386
5092
7271
8631
7948
2994
589
9657
311
6453
8926
7850
3067
4160
4187
7768
2978
6373
5143
6645
1591
6625
7746
9986
3024
8344
5968
1911
8834
316
9073
430
9765
4594
7184
9429
7385
3735
8334
998
2610
6145
4949
7486
8191
8351
5954
2267
2299
9604
8740
3471
107
9053
1791
3099
3626
83
8
1947
2674
1163
4533
9425
5907
7872
4447
7186
7343
1618
1720
255
2344
7769
8700
2531
44
6211
6302
435
4196
8096
721
3822
9862
862
2035
9953
2677
9177
5601
3051
3656
9131
9517
7899
1950
9228
3057
4980
3693
9984
5810
5436
5106
356
2974
1410
9430
2590
9038
3632
8179
122
4289
6019
4742
507
1918
8666
8413
2410
5300
7392
7948
1570
8677
5953
623
1334
1916
5685
8336
6214
5351
4134
7813
6519
687
6106
6526
3353
6283
766
490
2883
3340
627
116
2651
5404
5849
2252
7509
3474
1124
9358
9708
8238
8391
1205
1916
2266
2721
3068
2014
9249
9510
173
4954
3605
7304
2858
9795
2576
3085
8413
261
1062
4521
2856
4437
2594
5300
470
1366
1583
971
8159
2049
633
547
5628
7708
3674
4131
7963
8529
330
9363
4437
1019
4235
9122
2774
9920
3499
7921
5329
3269
6991
4421
438
3780
4202
5960
9616
8017
5970
5989
2814
9586
6580
8608
6930
8947
6096
629
2103
2483
3799
3097
3593
6308
1058
8734
4957
9376
7623
1013
3653
2387
9191
26
9138
1336
3661
5534
8115
6721
1813
5373
9360
5453
1169
5750
7932
2739
5804
2509
5517
289
5110
3608
500
4740
1854
4765
8
1598
3825
145
6017
4100
198
3904
4666
9460
1917
5967
3256
5085
1161
9725
9940
8216
2364
5679
9148
5352
1114
8838
2634
5061
4532
9864
3810
5962
6528
1153
5525
3859
258
2528
447
6385
2870
1039
4710
2455
6695
5268
4129
764
6806
6790
1565
5001
2020
1141
9326
7222
7247
1771
1504
3390
7199
6069
6051
120
9818
9969
9158
953
410
6948
8964
9660
2936
4625
2500
6071
4790
586
5268
5092
1811
6138
4852
6206
682
6259
6618
7526
2473
8860
8677
7028
9287
7900
4518
7681
5257
2533
4129
7455
8304
718
3696
8550
5517
8187
4551
2772
2470
965
7862
5703
1821
8587
1286
7832
349
6724
342
3905
2669
727
5303
1651
5916
984
2632
4372
3522
5085
8474
4007
5581
366
3999
7729
2857
8943
6822
6114
1352
9800
8172
8527
3684
7879
1720
42
2895
1239
2242
763
9664
2647
2378
6925
9177
785
7313
4794
220
5952
3120
3060
1232
301
6916
9132
8979
3660
869
7146
6570
8543
506
1441
2003
1492
2922
3357
9403
3988
9878
505
6913
1266
6579
5353
2535
2925
339
9952
707
1911
5783
7160
1774
1095
7932
1513
685
7503
1214
8918
4376
1100
312
5696
4023
8704
2063
9307
5750
3750
7471
3887
8529
2884
2646
6375
7995
7963
7248
7150
8773
6187
8356
3804
4430
8678
6501
9998
3631
6858
9934
817
5725
2337
7906
3891
3989
3444
3680
2092
7530
8386
274
4100
8581
79
3494
3741
524
521
5657
2455
7271
6316
6686
8127
6142
9066
8887
8383
1145
4983
3730
8967
723
1968
6053
654
3658
1572
5582
363
7873
4651
7438
8173
4974
6913
7711
4672
8710
8951
8775
2254
2912
3427
2834
9617
486
9363
5086
3537
1875
9642
4710
5095
2110
4419
1146
6576
8165
6366
1354
2389
8344
4946
1900
4053
2037
423
7906
3968
7654
7076
242
5674
832
2128
725
7489
3129
5611
5635
8172
1471
3201
2234
8865
427
741
5395
5201
2512
3359
5727
6223
2181
838
5122
3656
1539
7027
6417
7556
6157
2115
9359
7666
6651
774
8297
591
321
3997
3341
3212
5427
1846
570
411
1371
8948
6749
5440
5142
5778
7331
178
9415
4610
7853
2456
2949
1177
7475
2941
3627
5025
5854
335
4685
6157
8487
6537
9888
3356
8128
5756
8089
6845
1335
5561
7739
6771
896
8639
3561
1350
3869
7372
2368
9416
7231
1625
4252
9646
9206
9852
8425
6848
6892
9475
3699
6093
6384
5363
5927
2613
8414
1717
4510
2133
1672
1919
6686
116
7389
6663
8013
5280
3084
3959
1253
210
4849
2636
8048
8700
9430
4256
7819
7916
7413
1346
7817
4265
5463
3860
1071
3672
6465
3736
5413
8139
7242
7017
4126
756
8963
3517
1219
5613
8568
8905
3976
1077
8783
5926
3402
2540
8875
5372
519
7474
6148
5835
8645
2340
1977
8509
2471
6025
9660
4998
4786
9626
7984
2742
7715
2604
881
7472
9773
1114
3921
8199
2293
9093
1152
7876
5914
6570
2483
5670
9809
9510
301
1612
5234
3639
387
6769
4766
7469
9876
8093
1673
4734
6632
95
9139
2748
3320
861
7482
639
6846
6906
1299
1420
5209
2337
3551
6410
6827
6455
2182
6001
6385
9770
7309
385
9682
6633
2495
5377
1229
5281
7615
3445
6666
788
2899
6266
8475
2892
9103
7405
5431
784
7772
3371
3496
6777
6527
2383
8807
818
9614
1335
5666
4196
606
6555
5801
6996
1349
9447
2543
8476
7587
6189
9331
8291
142
2632
7506
3362
108
5496
2037
1828
9075
4292
2303
9776
9123
7890
2328
4621
7374
8618
990
687
8341
3169
4311
6
624
4123
6194
5263
6465
8041
2182
2013
291
3503
7539
7804
6587
9168
3062
7795
4509
5526
362
9248
7081
7970
6845
9678
9304
1996
6693
3964
1117
1056
3952
4387
5692
6336
6333
33
8772
5704
5659
2367
5154
9190
6514
6560
3068
2657
6543
8931
2204
8854
4086
2680
2242
9089
6774
603
4205
8244
443
665
5536
9043
9503
6983
6313
9805
5466
4722
7640
1548
2514
6358
4538
5526
6138
3547
9005
9372
7790
3520
1933
8104
4695
4569
713
7288
3821
1672
5370
7074
4441
4969
2031
3141
3816
8895
8715
6347
74
3328
6459
9106
6581
548
758
9469
8517
6726
9481
1087
6221
960
5501
9388
9685
5395
2082
9434
7607
6833
7807
220
1300
5140
3569
5393
8466
8776
8136
877
3853
4757
914
1163
5429
1627
5805
3049
767
282
2234
1095
3150
4417
2640
2855
8585
4627
2934
2984
9345
3629
6262
6331
5916
8430
9495
3361
7457
7320
7357
4553
2810
608
2641
3944
8571
8339
4204
6261
1752
3305
8941
946
9785
4057
6189
807
4206
8688
9930
4622
4815
1716
7426
4877
6973
7098
2437
4908
4175
6043
4425
5591
8579
9762
4447
3284
3769
2837
1917
1906
9843
706
2126
4493
6592
380
5326
1199
4977
8665
543
3209
4453
2607
8800
1509
1852
6131
4411
8604
7897
3428
3764
6033
4845
1593
144
6123
7875
8681
7001
1883
9218
3684
1738
9923
3953
5274
4902
4208
9784
6775
3612
746
1359
4839
6864
9498
4809
8906
4544
4964
9882
810
7786
1960
3375
1566
2414
1539
6440
6007
7895
679
4254
1972
2027
83
3314
4659
6095
1526
4094
8270
7408
7507
5864
3543
9664
771
5779
4581
3816
2319
9292
3135
3163
4426
185
3599
6235
261
2545
4217
368
8998
3781
1677
678
2290
5092
2568
4747
6186
5905
9745
4803
2475
9186
5099
188
3664
7157
2817
5915
140
7660
3365
986
7153
935
8282
5914
487
2395
7672
3985
6073
2337
7963
4862
1964
5500
2911
8940
7148
9246
7926
5832
3002
3734
7951
1298
2507
2702
5456
7942
5572
8150
8117
2505
7150
5900
4671
3105
7590
5805
4973
2163
4890
6325
8709
1908
8469
6700
3415
9145
7293
2196
6696
687
8124
3410
1687
5421
572
7061
97
9792
1781
6510
3750
1006
4175
4582
7086
2008
2262
5042
9026
3188
1627
4399
8723
817
6186
8630
6457
6056
8105
9675
2495
9287
9870
1827
5621
6227
6590
2038
4862
20
5329
7103
7805
6331
3662
7940
3137
1932
2484
1154
9708
9109
5797
6653
5010
5215
2984
1423
7632
4106
9676
8134
745
4977
5335
6306
9212
2863
7432
3797
1156
6141
108
5860
2149
7448
2248
8244
9627
7888
2860
7525
1384
1824
9189
2137
7756
5469
9871
9321
8093
8987
4287
6939
5842
4967
1217
1363
7622
2866
1122
1983
7056
4036
3468
7304
5334
8538
6888
9728
935
9220
6160
1247
1574
1599
6330
3371
6879
6484
2877
7089
7413
1437
4917
1354
8012
6817
8772
3240
2985
8411
6714
9347
3648
8146
1678
8963
3917
1899
6771
3729
7274
3613
9040
7573
8709
4669
6866
8172
249
5351
2266
6249
1407
788
9569
2641
1322
3838
6957
4562
6968
9652
5851
7900
3037
3876
9493
6945
5786
5332
7410
6630
5712
5574
6275
8297
4294
6025
1460
6141
6475
78
9950
2871
1756
2413
8266
8538
3793
7896
3341
6320
7407
1384
535
8375
8880
4205
2234
5029
2323
9370
962
3946
4238
2430
3669
5208
7208
4082
4298
7755
943
5081
5065
874
6661
7591
3739
5955
3459
706
2741
4586
9396
4482
8292
7751
7666
5291
1859
2230
8194
183
2019
4484
3204
9468
8725
1315
7757
1988
1617
5843
1867
7545
3944
836
1777
4964
1833
5040
2041
5979
154
5226
5321
7684
5280
992
9993
6861
8756
2089
374
4887
8123
9874
7658
8603
1399
1497
2177
2268
4971
8048
9026
496
6942
8057
5157
1376
1942
1278
165
1613
1997
1316
9802
3054
3410
9853
5585
1525
2013
5453
6668
5959
3567
4010
9703
8782
6455
9717
4381
501
4112
8524
2918
8507
9005
7494
8261
1607
3670
1445
2292
7024
5103
1007
7766
3602
904
3472
6334
6338
7650
4319
5382
3571
1048
7592
5287
5700
196
8402
9021
940
6830
9459
2717
7545
2942
9397
8213
6020
902
6178
6226
3402
7759
7891
1613
6112
7291
8542
7820
5676
2897
506
7716
4379
9634
81
6414
8532
2565
5172
2151
473
2688
5019
1455
9038
6881
1147
6626
1727
7638
6780
8836
2491
5114
6866
3409
5193
979
8702
9036
7715
2512
7379
6706
5929
555
8223
8826
9785
1005
1382
211
8057
7498
1255
839
537
7794
2333
9567
3043
5841
42
826
8514
7106
336
9899
4054
733
5965
1013
8046
5471
2897
6837
3507
6550
201
4209
4939
8446
1794
308
9940
5851
5349
8522
6065
5276
8092
6112
1497
1748
2546
9300
285
6326
2038
4217
6156
1358
2901
1061
4335
1871
9446
1902
8200
5735
9018
4054
5226
8983
5183
5948
3936
6249
4185
8905
4345
9618
9700
5378
5119
5007
2697
1313
1632
3032
5283
9207
1287
7225
8068
8443
9884
3429
4813
9369
2605
1623
3751
0
9665
1315
9888
4433
4815
5362
9886
9006
2674
2695
8237
8987
5608
8059
728
7300
2956
9628
7136
805
9328
8440
598
7896
9724
6427
6538
1553
6315
3215
6384
8232
3756
5053
2674
2234
925
2912
3418
1090
5735
6383
3496
1474
3490
8887
108
9611
1471
6329
6432
7120
7214
9693
7233
4457
1849
818
2247
9782
8564
4905
6897
9597
9389
9757
8291
8627
8374
4861
9992
38
7868
3110
6778
7437
514
8021
3456
9131
7586
2298
4950
152
6108
9109
6528
222
1390
8870
3130
7584
9187
926
7679
1748
3816
1547
7304
544
9223
6751
7765
5685
2823
950
9817
790
4633
7540
3881
2627
5013
9862
944
4169
6251
6958
451
8339
3819
6986
6711
6322
1829
328
2026
9166
